1.464540514879023370e+00
1.422300592600753255e+00
1.339451714622904355e+00
1.219173017761704836e+00
1.066031582784415344e+00
8.857551051570848877e-01
6.849519719683401231e-01
4.707963488814611019e-01
2.506976677484015759e-01
3.197426990615040432e-02
-1.784500977989108006e-01
-3.743106041815583152e-01
-5.502136019293936142e-01
-7.017882260586302268e-01
-8.257733956185754343e-01
-9.200410340003214449e-01
-9.835607397537587948e-01
-1.016314889296995982e+00
-1.019175959068309156e+00
-9.937595282673823416e-01
-9.422668762758356076e-01
-8.673303394925083731e-01
-7.718727614771300205e-01
-6.589896684659154458e-01
-5.318595093737934487e-01
-3.936837385788377608e-01
-2.476550284056959206e-01
-9.694879763169685083e-02
5.526919018567226505e-02
2.058279597264547345e-01
3.515385424789623237e-01
4.891921564643415543e-01
6.155767783403069959e-01
7.275172829085977400e-01
8.219414837768659332e-01
8.959712606364775844e-01
9.470348069239264976e-01
9.729931780413672016e-01
9.722720371457416189e-01
9.439880018164056308e-01
8.880584374053523966e-01
8.052839836363900883e-01
6.973945128188506759e-01
5.670514876750371025e-01
4.178026259790311725e-01
2.539881420225404973e-01
8.060133997422294638e-02
-9.689031031955094853e-02
-2.727545552959043107e-01
-4.412228723058484459e-01
-5.967253692780397634e-01
-7.341188474282680509e-01
-8.488953032133422782e-01
-9.373595592482201200e-01
-9.967669107147010266e-01
-1.025414460139735029e+00
-1.022682952117139221e+00
-9.890291515922332577e-01
-9.259318769468450894e-01
-8.357974680607481721e-01
-7.218325486706294036e-01
-5.878932989420451172e-01
-4.383210233776539955e-01
-2.777735872782373661e-01
-1.110613760136325567e-01
5.700506215230652374e-02
2.217504204485160890e-01
3.787499028113686661e-01
5.239232487694321927e-01
6.536082689254191225e-01
7.646161367203434533e-01
8.542716811468450411e-01
9.204423692319321226e-01
9.615595529084914883e-01
9.766349366803528387e-01
9.652742053018925628e-01
9.276884784185286392e-01
8.647028991093702599e-01
7.777603890688975508e-01
6.689175768769728414e-01
5.408292619531452905e-01
3.967176090281281930e-01
2.403226199621598391e-01
7.583129100085742036e-02
-9.221582947977174927e-02
-2.590403254589792592e-01
-4.197616518583281997e-01
-5.695488884482904357e-01
-7.037827747491088859e-01
-8.182209156110857862e-01
-9.091581292092824063e-01
-9.735735488230385926e-01
-1.009256338322010560e+00
-1.014902737107993058e+00
-9.901785589213557559e-01
-9.357431281716280802e-01
-8.532328065851635390e-01
-7.452045755343406075e-01
-6.150424181524619671e-01
-4.668313178358991511e-01
-3.052054034401900928e-01
-1.351780066477151765e-01
3.803792357483991304e-02
2.092105097639714861e-01
3.732626678076125248e-01
5.254317588096638625e-01
6.614094274829379616e-01
7.774575024113127286e-01
8.704975635979772530e-01
9.381734751485282242e-01
9.788876996327692259e-01
9.918134443739783368e-01
9.768855615347422638e-01
9.347735962444291280e-01
8.668404546901874452e-01
7.750898910061820857e-01
6.621054651888995668e-01
5.309829055148145294e-01
3.852570322275737924e-01
2.288236792812642917e-01
6.585649077135645457e-02
-9.928185081419768632e-02
-2.621344359175099559e-01
-4.182511729840219794e-01
-5.632957006521188692e-01
-6.931570126953332522e-01
-8.040637120400526694e-01
-8.926978445208723079e-01
-9.563043754184181733e-01
-9.927916741102733589e-01
-1.000817962213602419e+00
-9.798586321244566744e-01
-9.302496976041809695e-01
-8.532034010184550432e-01
-7.507931399754637081e-01
-6.259063207558021036e-01
-4.821653984856166808e-01
-3.238191045489556830e-01
-1.556075595913745668e-01
1.739350419207104370e-02
1.899429524366114674e-01
3.568115800078651700e-01
5.129588527653949903e-01
6.537014221452812635e-01
7.748663144430498750e-01
8.729226537130619912e-01
9.450870719919683971e-01
9.893994886682895284e-01
1.004767582878827614e+00
9.909799152721848747e-01
9.486891615318985282e-01
8.793681996237059373e-01
7.852427706707915123e-01
6.692050650740406503e-01
5.347128595648207305e-01
3.856787684831181062e-01
2.263538238299919736e-01
6.120903630077789703e-02
-1.051820993393593889e-01
-2.682579145001844356e-01
-4.235781230611973536e-01
-5.669275979597511173e-01
-6.944137064613042920e-01
-8.025566996850840296e-01
-8.883726027953811055e-01
-9.494478245329359689e-01
-9.840043498272517120e-01
-9.909539660823974971e-01
-9.699395811668081180e-01
-9.213613989786235692e-01
-8.463855986195701897e-01
-7.469332715700606196e-01
-6.256477411059476745e-01
-4.858390259303367875e-01
-3.314050934852398322e-01
-1.667306282190433309e-01
3.434756592871984759e-03
1.741156979246996639e-01
3.402633157391152241e-01
4.969151546154634280e-01
6.393567358106471143e-01
7.632781936011182600e-01
8.649194157598899535e-01
9.411974463683366876e-01
9.898106274046996056e-01
1.009315010966283177e+00
9.991698971099158832e-01
9.597508528726533816e-01
8.923301427588675727e-01
7.990260423657026267e-01
6.827239123213395544e-01
5.469730902674434514e-01
3.958645458287335939e-01
2.338947948148892009e-01
6.582177028577201883e-02
-1.034817858099524868e-01
-2.691722752665689500e-01
-4.265720666880322698e-01
-5.712955328633488872e-01
-6.993615373409631797e-01
-8.072904878045761290e-01
-8.921848758496402354e-01
-9.517928873905030507e-01
-9.845551590692417365e-01
-9.896350606415960094e-01
-9.669330115358713007e-01
-9.170853227032804700e-01
-8.414479401354127974e-01
-7.420653121639902983e-01
-6.216244705011082505e-01
-4.833943626940497840e-01
-3.311505483162590080e-01
-1.690856034463834590e-01
-1.705978088930248937e-03
1.662833927257296729e-01
3.301047449087528007e-01
4.850406805622995421e-01
6.265714226427286926e-01
7.505119676953375674e-01
8.531444390274711687e-01
9.313406190790985972e-01
9.826695822849794704e-01
1.005485592064609746e+00
9.989919776143912911e-01
9.632775522187018158e-01
8.993232341272011654e-01
8.089778208061317866e-01
6.949032675057863484e-01
5.604912408952107405e-01
4.097540642084758766e-01
2.471943528958618075e-01
7.765858233450885495e-02
-9.381952661884672418e-02
-2.621796077741521680e-01
-4.224930714304272472e-01
-5.701135430733863529e-01
-7.008141600169562890e-01
-8.109074397634774556e-01
-8.973444597164534908e-01
-9.577911862163475121e-01
-9.906808813201695152e-01
-9.952425252859474769e-01
-9.715060617676316568e-01
-9.202859597339418940e-01
-8.431450703118653633e-01
-7.423410386938059657e-01
-6.207576313437692672e-01
-4.818232937932969140e-01
-3.294191125484755567e-01
-1.677781696827657376e-01
-1.378103274995767791e-03
1.651714333617946839e-01
3.272447523111804424e-01
4.803178158120876007e-01
6.200857097619988378e-01
7.425777244650507702e-01
8.442675434900482889e-01
9.221757196975828297e-01
9.739613461344319711e-01
9.979996644425462859e-01
9.934423455153819082e-01
9.602573662199828108e-01
8.992458160338213657e-01
8.120336029653354437e-01
7.010368726406787099e-01
5.694009707966032341e-01
4.209139122208298556e-01
2.598964989896403455e-01
9.107237983247044866e-02
-8.057761908214526592e-02
-2.499717083956596309e-01
-4.120881064820426376e-01
-5.621246684846866737e-01
-6.956510844206768018e-01
-8.087478882914410638e-01
-8.981271508661329284e-01
-9.612306159315576748e-01
-9.963021221460799381e-01
-1.002432356451254503e+00
-9.795752302812327228e-01
-9.285363770332268896e-01
-8.509353658886299465e-01
-7.491441533033973421e-01
-6.262050066711561946e-01
-4.857316120326806708e-01
-3.317973171744970085e-01
-1.688144804842511559e-01
-1.408728582594095946e-03
1.657083816798412268e-01
3.278651956743419138e-01
4.805516139932740627e-01
6.195343028982190914e-01
7.409635538016394740e-01
8.414701558142885229e-01
9.182508252555484640e-01
9.691408292046512774e-01
9.926724675024742872e-01
9.881180719252997680e-01
9.555161831068758049e-01
8.956796183563009439e-01
8.101842871313100769e-01
7.013378778360250809e-01
5.721279495667432879e-01
4.261495194750861693e-01
2.675129272965185989e-01
1.007335529137459301e-01
-6.939418497400699770e-02
-2.379352680851999913e-01
-3.999608849576078984e-01
-5.506988721386124608e-01
-6.856825842201677013e-01
-8.008927506052000433e-01
-8.928869119108061581e-01
-9.589113498247500145e-01
-9.969910247474282894e-01
-1.005993888342751941e+00
-9.856669966361266688e-01
-9.366430512958164867e-01
-8.604172692130293010e-01
-7.592957455608984052e-01
-6.363176566485795327e-01
-4.951546770642609729e-01
-3.399918046550499673e-01
-1.753943576946561667e-01
-6.166211650879271922e-03
1.627956207568523883e-01
3.266451726328464811e-01
4.807259949337444604e-01
6.207000222578149540e-01
7.426636186133915851e-01
8.432483141822076922e-01
9.197044569026888716e-01
9.699666567434892528e-01
9.927004615165960777e-01
9.873301516201428152e-01
9.540478735911213093e-01
8.938045600914062971e-01
8.082832307701798280e-01
6.998553670109589619e-01
5.715211408437232965e-01
4.268343905903003721e-01
2.698134039503623516e-01
1.048388144041457748e-01
-6.345975258641677053e-02
-2.303262371270863307e-01
-3.910073910792903340e-01
-5.408857041895858142e-01
-6.756125268341498513e-01
-7.912375001823186427e-01
-8.843301182312879316e-01
-9.520891257612267289e-01
-9.924355388631062036e-01
-1.004085383658156028e+00
-9.865987906662255780e-01
-9.404028449964123570e-01
-8.667865456653953693e-01
-7.678673237143048835e-01
-6.465297478097449257e-01
-5.063382382974137563e-01
-3.514267435213165869e-01
-1.863693354421341597e-01
-1.603649319996167111e-02
1.545575855131656184e-01
3.204110062996969877e-01
4.766878794454589285e-01
6.188643090423272541e-01
7.428617895972213780e-01
8.451638478933439780e-01
9.229126367821324228e-01
9.739831445479808503e-01
9.970336638665290296e-01
9.915321072203636676e-01
9.577586086139362465e-01
8.967855747768530561e-01
8.104369181634399899e-01
7.012286105651778234e-01
5.722929473201753270e-01
4.272890287657028496e-01
2.703019787838113475e-01
1.057333670344549892e-01
-6.181478000682975871e-02
-2.276600689866712934e-01
-3.871616614692195979e-01
-5.358417493577530832e-01
-6.695042426874426855e-01
-7.843482210959821233e-01
-8.770735700624733289e-01
-9.449761013312617530e-01
-9.860293812026412752e-01
-9.989504996547541316e-01
-9.832471435943145321e-01
-9.392436173357096019e-01
-8.680838995386624957e-01
-7.717104407020867196e-01
-6.528181753415269739e-01
-5.147841186292967386e-01
-3.615738946419725375e-01
-1.976275472213305517e-01
-2.772795253653025788e-02
1.431439795326551745e-01
3.099624209460727919e-01
4.678126697156300695e-01
6.120444925136225844e-01
7.384171675987485362e-01
8.432309396274095814e-01
9.234401689373901156e-01
9.767442560266698104e-01
1.001653397518208699e+00
9.975273218455544821e-01
9.645862937721944030e-01
9.038947983046666801e-01
8.173193527208610920e-01
7.074627958798518357e-01
5.775781256520008400e-01
4.314654731708933433e-01
2.733561087645208776e-01
1.077874776395945922e-01
-6.052681287681704880e-02
-2.268283536209368123e-01
-3.864432638968107181e-01
-5.349064956281927019e-01
-6.680785120282418665e-01
-7.822521178976448164e-01
-8.742475486740672874e-01
-9.414941950318997943e-01
-9.820975481880772628e-01
-9.948901094038887782e-01
-9.794651370326237227e-01
-9.361922344727453549e-01
-8.662139442581422433e-01
-7.714227376787301527e-01
-6.544181006255551658e-01
-5.184438303055478592e-01
-3.673061774243003841e-01
-2.052740840145755030e-01
-3.696345405793417804e-02
1.327918843374950864e-01
2.990791567017199171e-01
4.570515459852386164e-01
6.020744810361536858e-01
7.298684090819702597e-01
8.366430016532820924e-01
9.192178317063041115e-01
9.751248989495441277e-01
1.002688965486941752e+00
1.001082471681922437e+00
9.703527926469767140e-01
9.114207149881896619e-01
8.260501974463702046e-01
7.167906589300955256e-01
5.868941445699356052e-01
4.402106920133424528e-01
2.810660039673448796e-01
1.141260911590259997e-01
-5.574613839324155107e-02
-2.236373053741438077e-01
-3.847281338958678520e-01
-5.344316844757015517e-01
-6.685212926413169887e-01
-7.832449099810279147e-01
-8.754232522995170074e-01
-9.425298745022616664e-01
-9.827519690322723545e-01
-9.950312892982052793e-01
-9.790851092941530442e-01
-9.354075369109505766e-01
-8.652518059836397102e-01
-7.705943971887179167e-01
-6.540820054258191796e-01
-5.189625110844144906e-01
-3.690012550301444705e-01
-2.083840890675354718e-01
-4.160889447777968431e-02
1.266324598957252190e-01
2.915794146074271453e-01
4.485325926706185129e-01
5.929851835498726187e-01
7.207524100231970099e-01
8.280953519422313835e-01
9.118352110234994035e-01
9.694540587369537832e-01
9.991782472155997796e-01
1.000041001338852098e+00
9.719212545701244599e-01
9.155565312872864236e-01
8.325285872668986009e-01
7.252215555430231442e-01
5.967534525498474629e-01
4.508830163688963832e-01
2.918949085791371356e-01
1.244672489084077821e-01
-4.647379021316783154e-02
-2.159070702150999999e-01
-3.788717201299932613e-01
-5.306189787514934419e-01
-6.667553662940033377e-01
-7.833724078377983790e-01
-8.771588343430767321e-01
-9.454920416169894093e-01
-9.865065344492160992e-01
-9.991380606998844227e-01
-9.831430894249697516e-01
-9.390941563597857700e-01
-8.683523485392046215e-01
-7.730188005967089104e-01
-6.558675165334676427e-01
-5.202621155690916321e-01
-3.700592454447213520e-01
-2.095014380266990717e-01
-4.310213366191600198e-02
1.244744918135013007e-01
2.885363665494735663e-01
4.444865837013068921e-01
5.879442895060010832e-01
7.148610118956162385e-01
8.216300136723025949e-01
9.051862038773229591e-01
9.630940955667574022e-01
9.936212899615899374e-01
9.957950304256849572e-01
9.694395375086040101e-01
9.151921346570501825e-01
8.344966193596319304e-01
7.295729296946786846e-01
6.033628901264438404e-01
4.594526667091656247e-01
3.019734807736201287e-01
1.354830709001690892e-01
-3.516870237222675943e-02
-2.049859064243511886e-01
-3.689793842209032615e-01
-5.223210929477778430e-01
-6.604944187629084862e-01
-7.794350088845656277e-01
-8.756569867127627083e-01
-9.463599941892584244e-01
-9.895133060871393882e-01
-1.003914236031758778e+00
-9.892191448854603664e-01
-9.459465029242182244e-01
-8.754525806395015985e-01
-7.798813853696203724e-01
-6.620913672653883086e-01
-5.255621459327587397e-01
-3.742850315442862175e-01
-2.126414211831456902e-01
-4.527324924398539591e-02
1.230504185974592574e-01
2.875668014955134466e-01
4.436493387614361961e-01
5.869310763842247036e-01
7.134188832039164430e-01
8.195963071813943124e-01
9.025132707274586830e-01
9.598611317544756272e-01
9.900318993767912579e-01
9.921605978012074667e-01
9.661499374047395339e-01
9.126766045808135663e-01
8.331786519526053203e-01
7.298236880742596799e-01
6.054578563252401846e-01
4.635359735524965941e-01
3.080336759798665280e-01
1.433429856643923805e-01
-2.584665557800819302e-02
-1.946791697946926025e-01
-3.582710701805319475e-01
-5.118551584568420409e-01
-6.509242303979312361e-01
-7.713699996821117288e-01
-8.696123243455744500e-01
-9.427139256165187886e-01
-9.884761397951787876e-01
-1.005511836610791798e+00
-9.932924505578937246e-01
-9.521670665111449106e-01
-8.833526244294506169e-01
-7.888954966450260065e-01
-6.716058758874671186e-01
-5.349675233595423407e-01
-3.830263996058177467e-01
-2.202624825545687337e-01
-5.144962724813560706e-02
1.184913821481777541e-01
2.846413995192574875e-01
4.422281206674862908e-01
5.867633609979716613e-01
7.141684338138374333e-01
8.208843634867690753e-01
9.039644369838055749e-01
9.611473734257346413e-01
9.909101258243070420e-01
9.924999832492303886e-01
9.659461896612783205e-01
9.120517260987381913e-01
8.323662186659879225e-01
7.291411514035829322e-01
6.052687060564803101e-01
4.642056515063801569e-01
3.098837973945898216e-01
1.466086396454868435e-01
-2.105201627283047328e-02
-1.883874521221103604e-01
-3.506691758343055687e-01
-5.032792019782668103e-01
-6.418385276766960246e-01
-7.623325244635211773e-01
-8.612296866053250621e-01
-9.355899938825804618e-01
-9.831591034547637609e-01
-1.002444715916105622e+00
-9.927717883969713331e-01
-9.543138013627983085e-01
-8.880980177146843291e-01
-7.959835778092886338e-01
-6.806123108901588337e-01
-5.453332574948666078e-01
-3.941030245271227583e-01
-2.313651661990707709e-01
-6.191273228849952792e-02
1.092611110087850779e-01
2.771189524325951004e-01
4.367358017830649253e-01
5.834508740436495922e-01
7.130091137403005153e-01
8.216876353085350582e-01
9.064030223403523046e-01
9.647963547627141923e-01
9.952938549587239114e-01
9.971420948623886948e-01
9.704177215658250644e-01
9.160125817706468165e-01
8.355959100590630850e-01
7.315558619687513309e-01
6.069231063727715814e-01
4.652794455208560942e-01
3.106545232628241116e-01
1.474136426052385374e-01
-1.986041885906640603e-02
-1.864888912557298439e-01
-3.478192835296610719e-01
-4.993461070026412041e-01
-6.368278404737595100e-01
-7.563979923500189217e-01
-8.546681244641579633e-01
-9.288206692337274140e-01
-9.766893230684785543e-01
-9.968247690228414504e-01
-9.885435091365744054e-01
-9.519577093963194070e-01
-8.879842097979758764e-01
-7.983312505361150890e-01
-6.854620212671223012e-01
-5.525348462897917701e-01
-4.033206505314568258e-01
-2.420992701517635237e-01
-7.353712526739754340e-02
9.745030022115055979e-02
2.658468902950638646e-01
4.266902763158517131e-01
5.752267283823918609e-01
7.070609034616770483e-01
8.182948559079792350e-01
9.056510636521226676e-01
9.665748445767526897e-01
9.993123991123462613e-01
1.002961766152037804e+00
9.774951557539994784e-01
9.237523511899310424e-01
8.434060796273877836e-01
7.389013635712953221e-01
6.133718218245757248e-01
4.705366408423539148e-01
3.145824540906478339e-01
1.500346368078159798e-01
-1.837744581578726333e-02
-1.858568821465645948e-01
-3.476733514497163391e-01
-4.992914384395810146e-01
-6.364901594765032256e-01
-7.554713022693442248e-01
-8.529547173560527717e-01
-9.262591682063423537e-01
-9.733677244072427293e-01
-9.929769613149691532e-01
-9.845294173891329104e-01
-9.482288784199660592e-01
-8.850381377469193067e-01
-7.966589612470896808e-01
-6.854941044185034471e-01
-5.545914213844783669e-01
-4.075703984238623345e-01
-2.485318513493266213e-01
-8.195204512315956702e-02
8.743689231189002986e-02
2.547777152266053058e-01
4.152267279718019899e-01
5.640964902841716366e-01
6.969981262370624764e-01
8.099784128038109987e-01
8.996466426956506446e-01
9.632863216617961744e-01
9.989470936732554041e-01
1.005512889340007820e+00
9.827431435175535412e-01
9.312849871051571693e-01
8.526555277075409389e-01
7.491946230140045238e-01
6.239898405965005335e-01
4.807765080822806736e-01
3.238168131699557528e-01
1.577627498119075766e-01
-1.249172245657866054e-02
-1.819636620460515775e-01
-3.457336497608733961e-01
-4.990924967902254927e-01
-6.376773893457959863e-01
-7.575934465467418777e-01
-8.555175405543001821e-01
-9.287821599324833644e-01
-9.754380205148146521e-01
-9.942949815640387268e-01
-9.849415598846346098e-01
-9.477439180689373188e-01
-8.838256207678779619e-01
-7.950297088376356847e-01
-6.838647563909465710e-01
-5.534365847425942730e-01
-4.073672535056434008e-01
-2.497028796509623283e-01
-8.481179484996903550e-02
8.272542324439954853e-02
2.482323944557690010e-01
4.070579880487639191e-01
5.546998110242299385e-01
6.869275885585837127e-01
7.999034938285717322e-01
8.902961094901346017e-01
9.553844073579672580e-01
9.931479715501035921e-01
1.002339712111939729e+00
9.825375572053259843e-01
9.341720916393546625e-01
8.585278269601451795e-01
7.577167211591948615e-01
6.346236712039677874e-01
4.928249179371479438e-01
3.364815558739228107e-01
1.702115479877137627e-01
-1.055275029993890668e-03
-1.722338766872788252e-01
-3.382463764550760477e-01
-4.941838556723139875e-01
-6.354613922274047200e-01
-7.579604811133250353e-01
-8.581536753954457364e-01
-9.332072151352514000e-01
-9.810585329603939142e-01
-1.000466754672446390e+00
-9.910355666569661270e-01
-9.532090159936342788e-01
-8.882418700988927718e-01
-7.981470315069465471e-01
-6.856231405915161892e-01
-5.539658874149497869e-01
-4.069666989024711690e-01
-2.488023956152313754e-01
-8.391916731704490706e-02
8.308614583719411972e-02
2.475848976927719769e-01
4.050334503293691046e-01
5.510861573697919402e-01
6.817029724521523892e-01
7.932502749320796687e-01
8.825935167163544426e-01
9.471801982017914456e-01
9.851115116455173570e-01
9.952007946811075589e-01
9.770167711346383621e-01
9.309094785600950939e-01
8.580168447400718934e-01
7.602501200065037157e-01
6.402568228991135646e-01
5.013605168848218607e-01
3.474775864948297932e-01
1.830121810297508644e-01
1.273158221703955817e-02
-1.583746465335951203e-01
-3.252473410626421924e-01
-4.829169840887584386e-01
-6.266636137483493352e-01
-7.521711413739029517e-01
-8.556698202163166567e-01
-9.340609572373914649e-01
-9.850186579032286227e-01
-1.007064402106650824e+00
-9.996115061967456583e-01
-9.629779499530290998e-01
-8.983675433556602696e-01
-8.078208760275036315e-01
-6.941388352569232145e-01
-5.607826108505642448e-01
-4.117549594351586628e-01
-2.514680337984738223e-01
-8.460327807635983910e-02
8.403124150845478479e-02
2.496411206803494653e-01
4.075792160746726234e-01
5.534690642358109924e-01
6.833155031015931691e-01
7.936007455932890808e-01
8.813649374581430385e-01
9.442708701039982389e-01
9.806529750961417990e-01
9.895509853453201554e-01
9.707287184741587582e-01
9.246783528920026196e-01
8.526103778812770262e-01
7.564291692267802736e-01
6.386939404727227654e-01
5.025647127748924525e-01
3.517329888769487600e-01
1.903370469176041690e-01
2.286220306214523101e-02
-1.459729813622249184e-01
-3.113427875448386839e-01
-4.684500756523547471e-01
-6.126681142590452156e-01
-7.396840996212129538e-01
-8.456392663935337062e-01
-9.272600314899099860e-01
-9.819744568131789642e-01
-1.008008510801753133e+00
-1.004457171664034920e+00
-9.713263344479506900e-01
-9.095427163143947613e-01
-8.209304277706556130e-01
-7.081544974337036225e-01
-5.746332940984798521e-01
-4.244233663852782223e-01
-2.620816048322438530e-01
-9.251072543760169298e-02
7.920519890809682440e-02
2.479681191753758673e-01
4.088293778041916515e-01
5.571426603826383772e-01
6.887010066994376789e-01
7.998535103565851401e-01
8.875986660957047025e-01
9.496527196256298042e-01
9.844927250071365821e-01
9.913752180583653706e-01
9.703323879080121284e-01
9.221483157475247605e-01
8.483182235723950582e-01
7.509937420427919008e-01
6.329170020469921942e-01
4.973459418191973347e-01
3.479726823404114544e-01
1.888362501090981582e-01
2.423041018606607311e-02
-1.413930042270711840e-01
-3.035250533349904134e-01
-4.577046650624807533e-01
-5.996270310356658362e-01
-7.252542986378739398e-01
-8.309267320598490159e-01
-9.134717262235353408e-01
-9.703072771967974353e-01
-9.995358447150050063e-01
-1.000024086564677672e+00
-9.714637864334321193e-01
-9.144094980453536525e-01
-8.302890192084201315e-01
-7.213837839567247556e-01
-5.907775761192595176e-01
-4.422735452808091994e-01
-2.802812389784530289e-01
-1.096771255173411147e-01
6.435626692457659115e-02
2.365060612861868139e-01
4.015120134492088932e-01
5.543485950589736033e-01
6.903979294904905029e-01
8.056057841204379288e-01
8.966137751807953249e-01
9.608623281934581817e-01
9.966606527447405828e-01
1.003221903476731791e+00
9.806636623283667697e-01
9.299757403430591873e-01
8.529589215908967015e-01
7.521395408958670981e-01
6.306656185101806589e-01
4.921906266560098775e-01
3.407508370001608444e-01
1.806416399193407907e-01
1.629731953880172307e-02
-1.478223734870447448e-01
-3.073367546165517439e-01
-4.580389576196599033e-01
-5.959810683828922206e-01
-7.175505796796097790e-01
-8.195395375545706518e-01
-8.992077996773775173e-01
-9.543415021679795274e-01
-9.833071850205824527e-01
-9.851011464483284685e-01
-9.593926015468011714e-01
-9.065582461804150283e-01
-8.277050117856592504e-01
-7.246772684295674782e-01
-6.000445944611809690e-01
-4.570665472311397637e-01
-2.996316614329100347e-01
-1.321691413922451985e-01
4.046667546929710868e-02
2.131371441987372217e-01
3.805815253033141277e-01
5.375947946388359711e-01
6.792136196045098773e-01
8.009018432178848235e-01
8.987261367668293310e-01
9.695124402880465064e-01
1.010974448118642233e+00
1.021806696290685545e+00
1.001736693417296209e+00
9.515328776715233916e-01
8.729678072199450467e-01
7.687386991512338286e-01
6.423500103129548000e-01
4.979649976746580720e-01
3.402349267704347646e-01
1.741156774401991791e-01
4.681844407127204455e-03
-1.630519730391958855e-01
-3.242941068765985979e-01
-4.746161033684758168e-01
-6.100656204397859605e-01
-7.272495929738121978e-01
-8.233877292872321396e-01
-8.963386175187620930e-01
-9.446025446335573061e-01
-9.673064047239315899e-01
-9.641766927216229854e-01
-9.355065041261495518e-01
-8.821217189561730843e-01
-8.053502332219826254e-01
-7.069963660362426072e-01
-5.893206110255332364e-01
-4.550229382129642453e-01
-3.072261122453213700e-01
-1.494541818893336260e-01
1.439941755372325938e-02
1.801197109392839446e-01
3.432387921534322262e-01
4.991285389220865287e-01
6.431186943743734119e-01
7.706390532150361183e-01
8.773817534071837176e-01
9.594769822418616201e-01
1.013673027022566897e+00
1.037509788461350002e+00
1.029473842846899911e+00
9.891230398468310314e-01
9.171695319596337992e-01
8.155120376113526026e-01
6.872109419093289651e-01
5.364033528264193773e-01
3.681592017281362095e-01
1.882836012541838910e-01
3.074621209397693233e-03
-1.809509122635701295e-01
-3.573483427376952792e-01
-5.200359734232317122e-01
-6.635684447786174278e-01
-7.833762679057131306e-01
-8.759571471068109405e-01
-9.390078722563248714e-01
-9.714895608953280082e-01
-9.736235781089659369e-01
-9.468202076087031127e-01
-8.935467186937887663e-01
-8.171455109593556143e-01
-7.216162035440372158e-01
-6.113776189904656100e-01
-4.910264343218483374e-01
-3.651087787368632598e-01
-2.379193025937965111e-01
-1.133393851526735135e-01
5.277560491430410838e-03
1.151699667783579739e-01
2.141818637307229545e-01
3.007313901278859669e-01
3.737425841062855802e-01
4.325517386153052701e-01
4.768012760799519301e-01
5.063345384412034633e-01
5.211040802700706021e-01
