1.054817726481255491e+00
-8.284934224629434407e-01
-1.212048446458597439e+00
5.636013651090273635e-01
1.284197749875310990e+00
-2.978527854771031436e-01
-1.273321895731040154e+00
6.700570855241283486e-02
1.198244736057788362e+00
1.034966703082866313e-01
-1.088960962902103091e+00
-2.038186002829572852e-01
9.784212940642018630e-01
2.406152221053083906e-01
-8.941045992171468004e-01
-2.334944408405232874e-01
8.517435935789623436e-01
2.083311622564417154e-01
-8.528237838152386008e-01
-1.895583588598328539e-01
8.862740068000320992e-01
1.937280182711363929e-01
-9.335002370676855898e-01
-2.260985170144895195e-01
9.749780033651120892e-01
2.809636951811956829e-01
-9.962879331703605734e-01
-3.452446365213102664e-01
9.918243222554286032e-01
4.039019983056925667e-01
-9.652798024116939768e-01
-4.452857070358711700e-01
9.271001914496963536e-01
4.647276287643949955e-01
-8.900491592087421688e-01
-4.653994043383727908e-01
8.645270577205471652e-01
4.564341182915447326e-01
-8.552181858558883798e-01
-4.492098651191497316e-01
8.600590205142775169e-01
4.532247186704654318e-01
-8.716550985579512023e-01
-4.730055704083174772e-01
8.804347881633068917e-01
5.070200739160577452e-01
-8.782945826474164441e-01
-5.487953613602549741e-01
8.614221311289980143e-01
5.896698207317598861e-01
-8.313711514220134546e-01
-6.220818392871599878e-01
7.941423449232334342e-01
6.421946365336621554e-01
-7.577419704275147883e-01
-6.509776398261912789e-01
7.291930524897154431e-01
6.534725781409144174e-01
-7.121012606933370126e-01
-6.566355325189928704e-01
7.056073260771791311e-01
6.666278798522036197e-01
-7.050100401035100939e-01
-6.865702421946824341e-01
7.037288826805064845e-01
7.155443296646215590e-01
-6.958154780663412531e-01
-7.491309627960354156e-01
6.780733499730460245e-01
7.812010185208690949e-01
-6.510420043099781617e-01
-8.062384213882503037e-01
6.185547984164645463e-01
8.213206092203430009e-01
-5.861136059912721574e-01
-8.270526204596799769e-01
5.587404337846939573e-01
8.271678740837811183e-01
-5.391220692321934127e-01
-8.270087356952942059e-01
5.267150533644973098e-01
8.314978020809273840e-01
-5.180935851490621191e-01
-8.433669201540858751e-01
5.083534727261354025e-01
8.622798323992593161e-01
-4.930059565577850633e-01
-8.851269700319366329e-01
4.696405114723464780e-01
9.073279096079787109e-01
-4.387522474822255214e-01
-9.246140988451462261e-01
4.034629341437834804e-01
9.346110699728964466e-01
-3.682836235552899851e-01
-9.376428900612794326e-01
3.374140724452084905e-01
9.364934015036970871e-01
-3.132250072169381339e-01
-9.352557920696197291e-01
2.954760604692860393e-01
9.377346571869222824e-01
-2.815287625450539344e-01
-9.460128476836249245e-01
2.674360997182635979e-01
9.597113480693100218e-01
-2.494704139667068277e-01
-9.761938436644433947e-01
2.255057249884229731e-01
9.916077439357546819e-01
-1.957464243512280766e-01
-1.002346353953023517e+00
1.625557410131240887e-01
1.006374490537424560e+00
-1.294810745049473910e-01
-1.003929259693364218e+00
9.986900061824821595e-02
9.973561004053155266e-01
-7.560237444391298967e-02
-9.901695031194104324e-01
5.642879598597183577e-02
9.857131650926979072e-01
-4.011379990619623470e-02
-9.859311735013820410e-01
2.333669367690577312e-02
9.907039494267009250e-01
-2.971855561955005776e-03
-9.979777185892816371e-01
-2.273527356256932475e-02
1.004613044078509931e+00
5.353477734966843871e-02
-1.007611751674959644e+00
-8.730356180649351261e-02
1.005250507237216651e+00
1.208715795291055994e-01
-9.976983029892212418e-01
-1.512155588565886055e-01
9.869007264912235122e-01
1.765646203158525163e-01
-9.757949329778796699e-01
-1.970076767982834043e-01
9.671686258650965540e-01
2.143900039666880586e-01
-9.626016992103081371e-01
-2.315579683437763436e-01
9.618869192316045202e-01
2.512531420306743923e-01
-9.631363002501569515e-01
-2.750801173816476153e-01
9.635174382371137769e-01
3.029333109801367052e-01
-9.603290584962054233e-01
-3.330856663340541202e-01
9.520047329314729190e-01
3.628883382454823336e-01
-9.386703844396446783e-01
-3.898020446979222897e-01
9.220573073972739842e-01
4.123628078401173624e-01
-9.048186889049273374e-01
-4.307188807821167309e-01
8.895200741491472440e-01
4.465454244839449638e-01
-8.776900416788503412e-01
-4.623821197466574384e-01
8.692855684743218125e-01
4.806552305607119657e-01
-8.627624647432106109e-01
-5.027589316389537988e-01
8.557094158359848102e-01
5.285406667517442703e-01
-8.457931395546571807e-01
-5.563762794492150832e-01
8.316507620227833186e-01
5.837951292584160345e-01
-8.133934445995705254e-01
-6.084095030793015280e-01
7.925390942447744225e-01
6.287933183698050099e-01
-7.714111856707388526e-01
-6.449814911329317946e-01
7.522415050595138153e-01
6.584107313644490533e-01
-7.363217991387963623e-01
-6.713362817918894221e-01
7.235243844686196635e-01
6.859555558882415305e-01
-7.123666875659536712e-01
-7.035751988726423045e-01
7.005863687500312187e-01
7.241348404603715760e-01
-6.860017650548311252e-01
-7.462599764330009044e-01
6.673288392686480552e-01
7.678132907218759851e-01
-6.446480188108266729e-01
-7.867260124537793775e-01
6.193516060833454961e-01
8.017890625475658783e-01
-5.936010548540772147e-01
-8.131046252912780270e-01
5.695074234187983420e-01
8.220323291177458191e-01
-5.483486660059134765e-01
-8.306581005495030645e-01
5.301177687998422927e-01
8.409937922681243183e-01
-5.135655824292879590e-01
-8.542141873909105954e-01
4.967125355486640137e-01
8.702191320667107544e-01
-4.776267891998502435e-01
-8.876813761580151230e-01
4.551692291007607416e-01
9.045549391103755443e-01
-4.294233431739917228e-01
-9.188454917826767154e-01
4.016519532519624014e-01
9.293485557396385932e-01
-3.738044565431349886e-01
-9.360781509572166925e-01
3.477681418415641823e-01
9.402297547481893725e-01
-3.246512637237439769e-01
-9.436996839694238304e-01
3.043694686879281353e-01
9.483501051313288910e-01
-2.856885903098600465e-01
-9.553018892072034918e-01
2.667020773882325946e-01
9.645224544379319420e-01
-2.455572400498184926e-01
-9.748599006936358169e-01
2.211529450355841364e-01
9.845034075083896052e-01
-1.935459333416433281e-01
-9.916886283731283225e-01
1.639165868444702467e-01
9.953764987012017063e-01
-1.341134056925690765e-01
-9.956476524686743712e-01
1.059542637159595069e-01
9.936658699791480753e-01
-8.055180025235653130e-02
-9.912292578161990830e-01
5.791728824069741766e-02
9.900839354053259100e-01
-3.698830992143031793e-02
-9.912629304595470536e-01
1.606309677298378702e-02
9.947003675811011414e-01
6.529374151079680999e-03
-9.992639149434361379e-01
-3.178142211975126807e-02
1.003188544934497939e+00
5.962689079512206725e-02
-1.004743121353375068e+00
-8.897067741086434056e-02
1.002875378236786741e+00
1.181115606575650068e-01
-9.975922135700430182e-01
-1.453931722348817401e-01
9.899353944854298870e-01
1.698331736574613671e-01
-9.815675965447331341e-01
-1.914916481665910886e-01
9.741309539370425208e-01
2.114411460206966353e-01
-9.686243279438976339e-01
-2.313532799038373611e-01
9.650352452137731518e-01
2.528619327256068638e-01
-9.623629120702699158e-01
-2.769461079385777680e-01
9.590186270551470660e-01
3.035654814539482382e-01
-9.534467432725113323e-01
-3.316835955417656856e-01
9.447272660054475413e-01
3.596654876331220052e-01
-9.329306542657955781e-01
-3.858950217570222829e-01
9.190918530918424922e-01
4.093758199268391906e-01
-9.048165302198671878e-01
-4.300886502865882699e-01
8.916720749415494307e-01
4.489730546688840418e-01
-8.805962717914537219e-01
-4.675450020410315544e-01
8.715478041135941156e-01
4.873003332449348246e-01
-8.635290634051449032e-01
-5.091334621910078573e-01
8.549694767046971400e-01
5.329925854016074327e-01
-8.443211134281655150e-01
-5.579005179382059421e-01
8.306393626172643430e-01
5.823299955105718517e-01
-8.139293655104364866e-01
-6.047875516549819919e-01
7.951298234606547499e-01
6.243819771750089842e-01
-7.757445102377007462e-01
-6.411610253998829556e-01
7.572652520694020950e-01
6.560897740006114143e-01
-7.406077437139405584e-01
-6.706811166397188551e-01
7.257744281008626785e-01
6.864208173291911352e-01
-7.118702715501170619e-01
-7.042063902672606179e-01
6.974619011470011287e-01
7.240120846407797073e-01
-6.811400396125911749e-01
-7.449048121517461984e-01
6.620689965814051670e-01
7.654018027278838288e-01
-6.403136235040352009e-01
-7.840313567535915906e-01
6.168204065542661763e-01
7.998823401512300535e-01
-5.930618541660510612e-01
-8.129343231087633459e-01
5.704813523721905533e-01
8.240454372350372036e-01
-5.499506251423332825e-01
-8.346061371359502212e-01
5.314457782591688328e-01
8.459939474628477285e-01
-5.140635647217713933e-01
-8.590387995893358219e-01
4.963695857969393499e-01
8.737028170721560238e-01
-4.769442945424269276e-01
-8.890951939722424591e-01
4.549186431396565200e-01
9.038143244708701785e-01
-4.302967337467273334e-01
-9.164847447745977371e-01
4.039452169983094865e-01
9.262830683284011268e-01
-3.772565912180937953e-01
-9.332524731281278685e-01
3.516172805071994256e-01
9.382868665067065628e-01
-3.278844482222321166e-01
-9.427921124947508114e-01
3.060705366498387425e-01
9.481543942816588189e-01
-2.853539515342057298e-01
-9.552183066857438121e-01
2.644092760161781408e-01
9.639723956620344092e-01
-2.419287326379189196e-01
-9.735599247250279475e-01
2.171345514966758206e-01
9.826084903365105427e-01
-1.900865357292144120e-01
-9.897511721379930183e-01
1.616682106156381860e-01
9.941401105395435422e-01
-1.332579770754469539e-01
-9.957577188870037066e-01
1.062116203307383877e-01
9.954090415415592918e-01
-8.135376002438698961e-02
-9.944008407364630653e-01
5.867154948186248387e-02
9.940321596140204718e-01
-3.732617439477664556e-02
-9.950920726458611920e-01
1.597641896931212280e-02
9.975563905540738574e-01
6.709905664218362986e-03
-1.000598160315115726e+00
-3.155152522033427553e-02
1.002906559558319532e+00
5.854734266382782826e-02
-1.003191209921203697e+00
-8.688288436120694680e-02
1.000678752873749300e+00
1.152447559649974473e-01
-9.954122181327289542e-01
-1.423212892495837600e-01
9.882395162996120419e-01
1.672975238247627061e-01
-9.804961306018245004e-01
-1.901560048477965448e-01
9.735034000085247552e-01
2.116699412939442859e-01
-9.680734435122736459e-01
-2.330931375952124407e-01
9.642084871319536177e-01
2.556667189512043525e-01
-9.611076959491349214e-01
-2.801320226532668101e-01
9.574772931119275299e-01
3.064359291146778186e-01
-9.520245720102217257e-01
-3.337408460637698582e-01
9.439471683576814431e-01
3.607350243431278747e-01
-9.332317833920500405e-01
-3.861244073888705497e-01
9.206500405244741891e-01
4.091183706480535087e-01
-9.074550410898428732e-01
-4.297245297815395215e-01
8.948961758696918345e-01
4.487409542178885657e-01
-8.837384653537866397e-01
-4.674495237814413340e-01
8.739701648857527427e-01
4.871277490186071146e-01
-8.648098239968549095e-01
-5.085649315143488947e-01
8.550093214858262014e-01
5.317661486405564908e-01
-8.433364335082595975e-01
-5.559553760021219704e-01
8.290522553536342487e-01
5.798748265819924086e-01
-8.122011403747990688e-01
-6.022649139268687613e-01
7.936026381954375264e-01
6.223410173639855048e-01
-7.745486570070170274e-01
-6.400852579858270497e-01
7.563213110666426875e-01
6.562427702619860748e-01
-7.397149147587742668e-01
-6.720251000216990178e-01
7.247435820226784120e-01
6.886351408804650687e-01
-7.106448390702527762e-01
-7.067958516222631049e-01
6.961767954374427081e-01
7.264631503304466165e-01
-6.800948209277646317e-01
-7.468327398923483296e-01
6.616258212616535905e-01
7.666382689190467392e-01
-6.407598020786045012e-01
-7.846270790462247513e-01
6.182486563969784576e-01
8.000321852756535623e-01
-5.953140635050030438e-01
-8.128607497997113462e-01
5.731772911679435811e-01
8.238893918761246438e-01
-5.525912957549636850e-01
-8.343684012863032962e-01
5.335541579188793904e-01
8.455476602329751179e-01
-5.153132455885053309e-01
-8.582046592123395712e-01
4.966582502052567238e-01
8.723537665262663943e-01
-4.763908850822378138e-01
-8.872464834635775954e-01
4.537916394780645013e-01
9.016613669484478955e-01
-4.289051785791457849e-01
-9.143720112658465515e-01
4.025352189680093673e-01
9.246139655042069361e-01
-3.759505138016714376e-01
-9.323723678676416604e-01
3.504136721404272903e-01
9.383809334037200856e-01
-3.267119606160322487e-01
-9.438333756698630284e-01
3.048683504819225121e-01
9.499182017178700033e-01
-2.841422941088649345e-01
-9.573551998004736774e-01
2.633193241610158886e-01
9.661111907130977006e-01
-2.411786714141948007e-01
-9.754040870609768099e-01
2.169605624710730374e-01
9.839941897452415542e-01
-1.906553670963851421e-01
-9.906519708458918494e-01
1.630050403408958015e-01
9.946241740640563433e-01
-1.352172443637826293e-01
-9.959205977176914804e-01
1.085021801712243716e-01
9.953121830235571732e-01
-8.360969968250486772e-02
-9.940409689695418605e-01
6.054397703753766624e-02
9.933521757576657674e-01
-3.856504881807676366e-02
-9.940263312248510674e-01
1.647684802856158592e-02
9.960891918547309931e-01
6.908181824956838302e-03
-9.988093231350994028e-01
-3.230540182162244811e-02
1.000983499097736207e+00
5.967258823825988268e-02
-1.001400397128804798e+00
-8.821236259300108129e-02
9.993052216834594770e-01
1.166622812767115214e-01
-9.946877476353372938e-01
-1.437627200109174996e-01
9.882838695918656491e-01
1.687248015116440403e-01
-9.812902820185385178e-01
-1.915204519468231559e-01
9.749015998351446832e-01
2.128843241965295841e-01
-9.698471983961387544e-01
-2.340270266082186135e-01
9.661053432574209232e-01
2.561690345043416417e-01
-9.629046399471175022e-01
-2.800729194412180934e-01
9.590131886396391359e-01
3.057520650500943349e-01
-9.532058889016469250e-01
-3.324666202727459274e-01
9.447320642266157087e-01
3.590077606927244980e-01
-9.336050676083867961e-01
-3.841612136601148531e-01
9.206030641114748558e-01
4.071724762945316267e-01
-9.069800836709368541e-01
-4.280354069471134504e-01
8.939968281782630921e-01
4.474932507401511161e-01
-8.824494958965013458e-01
-4.667510186476892531e-01
8.723757713867726915e-01
4.870085835678175101e-01
-8.630497053857285605e-01
-5.089927122197156484e-01
8.532671188548582863e-01
5.326671562231173329e-01
-8.418123607753044135e-01
-5.572324107357951029e-01
8.279280098827666023e-01
5.814164588470418504e-01
-8.116079139274138265e-01
-6.039467696852258705e-01
7.936013553412261112e-01
6.240243905695350701e-01
-7.751264892371521054e-01
-6.416197476563414437e-01
7.574024455027340563e-01
6.574773502211468390e-01
-7.411791326174469452e-01
-6.728273310301441379e-01
7.264451377967608980e-01
6.889134802258731760e-01
-7.124265153482824964e-01
-7.065175122770196436e-01
6.978783512115305232e-01
7.256609193220837639e-01
-6.815590387863827981e-01
-7.455981599333322274e-01
6.627069556976441511e-01
7.651037792486528044e-01
-6.413376343086627518e-01
-7.829437058407102690e-01
6.182473735426345929e-01
7.983503295171767711e-01
-5.947208370575359782e-01
-8.113191175347799211e-01
5.720530456968953015e-01
8.226123571423031855e-01
-5.510672230219061385e-01
-8.334673937037807567e-01
5.318119552877035305e-01
8.451198795275305375e-01
-5.135531269773536689e-01
-8.583238246631244017e-01
4.950638567063091466e-01
8.730522716598958510e-01
-4.751019156249015607e-01
-8.884941869413727211e-01
4.528922917865639275e-01
9.033504897826942770e-01
-4.284302211600856669e-01
-9.163179056193759831e-01
4.024882425549392573e-01
9.265771592328755357e-01
-3.763237980179392483e-01
-9.340996315180940535e-01
3.511985680094806828e-01
9.396551591946146198e-01
-3.278932775074623884e-01
-9.445172397345678039e-01
3.064042460096185749e-01
9.499773049298937400e-01
-2.859392381068509015e-01
-9.568528842473644769e-01
2.652161802865672380e-01
9.651773017001399335e-01
-2.429524262979355642e-01
-9.741897041584856032e-01
2.183587622977445353e-01
9.826297426464070117e-01
-1.914495185129780896e-01
-9.892246931591084369e-01
1.630493936330348892e-01
9.931827433029306595e-01
-1.344927738663020955e-01
-9.945030724059893412e-01
1.071286489808676579e-01
9.939827047917425551e-01
-8.181888689000832438e-02
-9.929157233951927397e-01
5.862091657693435653e-02
9.925982991563797597e-01
-3.677621163810695926e-02
-9.938280550641942490e-01
1.500964932935422436e-02
9.965896209140474582e-01
7.973923245957470485e-03
-1.000048197558398355e+00
-3.298538567789921494e-02
1.002855926653468011e+00
6.003246000519557590e-02
-1.003656336786949321e+00
-8.830922111102190719e-02
1.001595781524086792e+00
1.164994024459848898e-01
-9.966470149236048570e-01
-1.432786564863081091e-01
9.896206993171443589e-01
1.678240028037762954e-01
-9.818591133855811837e-01
-1.901347525380455150e-01
9.747276108094304892e-01
2.110401618605920460e-01
-9.690971371721905925e-01
-2.318882315572089459e-01
9.650153914022182589e-01
2.540321413895050284e-01
-9.616929825216170569e-01
-2.783091120048961087e-01
9.578110024715726922e-01
3.047108018748595493e-01
-9.520334012953212133e-01
-3.323725533758087325e-01
9.435284558598142635e-01
3.598878659530888591e-01
-9.322989901918427025e-01
-3.858303164843891464e-01
9.191930660812144271e-01
4.092852098032903063e-01
-9.055885285032629906e-01
-4.301883644695813080e-01
8.928698245166952763e-01
4.493419612488143144e-01
-8.818960864362856977e-01
-4.681000691936921809e-01
8.726644357950933406e-01
4.878427239448185349e-01
-8.642993862525061299e-01
-5.094389994496284491e-01
8.553754985144370604e-01
5.329048920728550742e-01
-8.444530313878220174e-01
-5.573884560947519606e-01
8.306239486783713044e-01
5.814900321560554364e-01
-8.138601232663916774e-01
-6.037969245609573488e-01
7.950296051838035005e-01
6.234286682768073184e-01
-7.755726678117477180e-01
-6.403832814651141403e-01
7.569592701830341053e-01
6.555494224804369052e-01
-7.401339139326215122e-01
-6.703762653402766114e-01
7.251600320872331196e-01
6.863240188708606970e-01
-7.112010828684172115e-01
-7.043031887257191759e-01
6.968475051332705394e-01
7.243169359401949725e-01
-6.806662098311369036e-01
-7.454451636719576779e-01
6.617630146948788594e-01
7.661795466626230011e-01
-6.401417810778394779e-01
-7.849846656516054066e-01
6.167201882772708199e-01
8.008729672454411030e-01
-5.929926119216973879e-01
-8.137742864634028850e-01
5.704659384331631777e-01
8.245574990783206548e-01
-5.500825431018547818e-01
-8.346938304646772666e-01
5.318518000688835512e-01
8.456884102040971296e-01
-5.148338875689745242e-01
-8.584964088895072898e-01
4.974862174783515334e-01
8.731477499195769987e-01
-4.782441091872913219e-01
-8.887262873924242079e-01
4.561163927147060537e-01
9.037146102879189957e-01
-4.310687320301095360e-01
-9.165753548982473742e-01
4.040464299874431120e-01
9.263477736009532171e-01
-3.766249271440575974e-01
-9.330300948080697543e-01
3.504184703616120000e-01
9.375979086725012568e-01
-3.264711062450852963e-01
-9.416467920736517616e-01
3.048629120663192693e-01
9.467913902152884642e-01
-2.846840219856336396e-01
-9.540480980218237761e-01
2.643894222046978548e-01
9.634374440089172875e-01
-2.424015418663495458e-01
-9.739609088851427510e-01
2.177312083692651279e-01
9.839653859650433487e-01
-1.903780525700458082e-01
-9.917603429919465974e-01
1.613535154471988919e-01
9.962546262882781001e-01
-1.323127784288456454e-01
-9.973698770986028084e-01
1.049320236177632149e-01
9.960704978413323918e-01
-8.026697545781458221e-02
-9.939952715263516980e-01
5.833893120065747340e-02
9.928281960557340247e-01
-3.811045700972115480e-02
-9.936475235510249249e-01
1.786567230200558631e-02
9.965029431102585544e-01
4.144781059709723436e-03
-1.000386062031604961e+00
-2.903716146944101961e-02
1.003610187894580230e+00
5.686087708503656524e-02
-1.004458296558881525e+00
-8.656604954868030166e-02
1.001853138138824484e+00
1.163893360276744282e-01
-9.957915863064589201e-01
-1.445150446480308326e-01
9.873723230883312274e-01
1.697614590388810685e-01
-9.783997157731838534e-01
-1.920296697100284389e-01
9.707092172707261213e-01
2.123401378291023822e-01
-9.654686297604229139e-01
-2.324382903329655359e-01
9.627225900301706885e-01
2.541157239111546118e-01
-9.613583437460715420e-01
-2.785048228547480909e-01
9.595120704336348449e-01
3.056183733496710131e-01
-9.552665857940424443e-01
-3.343154416173770849e-01
9.473775945255464848e-01
3.627135437822777142e-01
-9.357511248669843074e-01
-3.888958038956684127e-01
9.214863298275164372e-01
4.116459568112426082e-01
-9.064619190761048495e-01
-4.309289791089466193e-01
8.926192385556057651e-01
4.479281434346626956e-01
-8.812135917789727380e-01
-4.646163841883163004e-01
8.723214860435120066e-01
4.830181117464393270e-01
-8.647973685449272807e-01
-5.044388442550135077e-01
8.567035079737550518e-01
5.289568554864132466e-01
-8.460549905243108793e-01
-5.553753479773627655e-01
8.315978776318645460e-01
5.816603343386593794e-01
-8.133209225783046836e-01
-6.057036469573614523e-01
7.924984056547172973e-01
6.261233239772044934e-01
-7.712382725047941534e-01
-6.427947694591523708e-01
7.516994274956372291e-01
6.569045867617582246e-01
-7.352721884903508087e-01
-6.704990211599913819e-01
7.220355644840941167e-01
6.856928274762418285e-01
-7.107046668525989208e-01
-7.038379272848656054e-01
6.990975487655117782e-01
7.249721010923473319e-01
-6.849521544063623679e-01
-7.477661210357756660e-01
6.667867617048648388e-01
7.700000123958830045e-01
-6.444751056448729809e-01
-7.893960068465328828e-01
6.193109174933051353e-01
8.044949186697991639e-01
-5.935285328327490895e-01
-8.152394202113233401e-01
5.694545390277668817e-01
8.230332605897178189e-01
-5.486105169755265409e-01
-8.302419118149246824e-01
5.311118609375196087e-01
8.393138796520744904e-01
-5.156004862309648829e-01
-8.518513062052749385e-01
4.997484531177194822e-01
8.679848676250583317e-01
-4.811503392999557649e-01
-8.862986572073892066e-01
4.582683935071573678e-01
9.043448407833944991e-01
-4.310665733450307346e-01
-9.195623428115994313e-01
4.010809756821352989e-01
9.302547965421594789e-01
-3.708851969702345874e-01
-9.362529454205043011e-01
3.431410034354387406e-01
9.389999794649298570e-01
-3.195887910214749716e-01
-9.410146215998912433e-01
3.003641008842771187e-01
9.449253996583329984e-01
-2.839106338057517109e-01
-9.524393073268360155e-01
2.675377481867566298e-01
9.636421324485776596e-01
-2.484241705999575833e-01
-9.769097668311677030e-01
2.246935364412020464e-01
9.894814145967927299e-01
-1.961507161371130459e-01
-9.984917896501305234e-01
1.643881834414541721e-01
1.002077012910117304e+00
-1.322066890098301251e-01
-1.000129895970197191e+00
1.025568946173546214e-01
9.944033822370192954e-01
-7.739834513611076883e-02
-9.879031580810135882e-01
5.691443205664836746e-02
9.837820474986476160e-01
-3.939665336373254778e-02
-9.841462938380384218e-01
2.186209045652931504e-02
9.892293462064055687e-01
-1.186975898377962135e-03
-9.972605720470713031e-01
-2.466639115665114623e-02
1.005098680149362211e+00
5.580112238810835956e-02
-1.009407722367572813e+00
-9.025627997476298736e-02
1.007938401236573966e+00
1.246709432525272554e-01
-1.000423917494120740e+00
-1.555130364841742496e-01
9.887331689197138562e-01
1.804191846189548976e-01
-9.761992247638007214e-01
-1.991340061374387016e-01
9.663564373179568401e-01
2.136740808001669212e-01
-9.615554558436461008e-01
-2.276271839644836148e-01
9.619885677002185664e-01
2.448266823875031584e-01
-9.655181715108738238e-01
-2.678893749103468669e-01
9.684054786522672265e-01
2.971744814497888076e-01
-9.666928423007979942e-01
-3.305790883727936502e-01
9.577316639219080052e-01
3.642782828862287103e-01
-9.412719578547218413e-01
-3.941583181288538795e-01
9.196753489356561673e-01
4.174145638738306907e-01
-8.971330147677688549e-01
-4.337019496064923874e-01
8.781479561839650172e-01
4.453737373082821138e-01
-8.658344244209925655e-01
-4.566770845207296370e-01
8.606805488658875181e-01
4.721708445095637030e-01
-8.602693658251270303e-01
-4.949428540676324983e-01
8.601062234090477432e-01
5.253074906321061333e-01
-8.552815872980192857e-01
-5.605108929434662324e-01
8.423648672659214132e-01
5.956083295069096728e-01
-8.208083714411028575e-01
-6.252351936299945789e-01
7.932952133216525370e-01
6.456357329115572918e-01
-7.648442870056472165e-01
-6.561824972581683513e-01
7.409549167912650169e-01
6.597755731247456623e-01
-7.254584754787722911e-01
-6.619085103642585732e-01
7.188930505535615634e-01
6.686878707982328862e-01
-7.180613143148486532e-01
-6.845102512490539581e-01
7.170146071568018753e-01
7.102713518194486708e-01
-7.091726928516632888e-01
-7.428279678122746699e-01
6.898352142744494930e-01
7.759961610891158434e-01
-6.581443208880043416e-01
-8.027973250104862846e-01
6.177076668146614935e-01
8.181672548774765463e-01
-5.755508260101629414e-01
-8.211141116843339027e-01
5.396831699214089673e-01
8.154523425005617554e-01
-5.161090738826293878e-01
-8.087213189793319712e-01
5.063864886101024920e-01
8.095605184215871608e-01
-5.067078524161077180e-01
-8.244207943150834161e-01
5.089750010776368239e-01
8.548126129977549059e-01
-5.036221951227695115e-01
-8.961873510150901723e-01
4.832614099355917459e-01
9.390253643397603600e-01
-4.458361030410617487e-01
-9.719271637359579996e-01
3.960380916297129295e-01
9.857384588801176850e-01
-3.442757789981898409e-01
-9.772666054806912195e-01
3.033214141114953799e-01
9.511589496522820930e-01
-2.836299163471902585e-01
-9.190450058011366830e-01
2.889035357564269102e-01
8.959437992913792392e-01
-3.135466969882402810e-01
-8.949141835674034873e-01
3.431506606184320241e-01
9.216425229647029482e-01
-3.582020859949428537e-01
-9.708509251209120894e-01
3.401185687273071134e-01
1.025968178639069972e+00
-2.778410498977779142e-01
-1.062542391439571965e+00
1.728676158685752418e-01
1.054680054336224915e+00
-4.094402909673355850e-02
-9.827549867493872160e-01
-9.043733420308730508e-02
8.400941118783202821e-01
1.883117989197795605e-01
-6.365155952542221884e-01
-2.226702737401208276e-01
3.974454088270863439e-01
1.746740745053955157e-01
-1.586247269369864821e-01
-4.225168659801270543e-02
